accuracy: 0.6782608695652174
f1: 0.6665894039455766
precision: 0.7079473731205131
recall: 0.6782608695652174
