accuracy: 0.6764945652173913
f1: 0.6642701289568809
precision: 0.7083301907006053
recall: 0.6764945652173913
