accuracy: 0.6775815217391304
f1: 0.6674093518618173
precision: 0.7052592263395889
recall: 0.6775815217391304
