accuracy: 0.6751358695652174
f1: 0.6644896557155547
precision: 0.7084435451207556
recall: 0.6751358695652174
