accuracy: 0.6775815217391304
<<<<<<< HEAD
f1: 0.6674071359765044
precision: 0.7083490627853924
=======
f1: 0.6674093518618173
precision: 0.7052592263395889
>>>>>>> eb0dce0
recall: 0.6775815217391304
