accuracy: 0.678125
f1: 0.6671753637405214
precision: 0.7095616987732317
recall: 0.678125
