accuracy: 0.6775815217391304
f1: 0.6674071359765044
precision: 0.7083490627853924
recall: 0.6775815217391304
