accuracy: 0.6748641304347827
f1: 0.6634635075942273
precision: 0.710080026724814
recall: 0.6748641304347827
