accuracy: 0.6747282608695652
f1: 0.6633779954287199
precision: 0.7062161543713998
recall: 0.6747282608695652
