accuracy: 0.6792119565217392
f1: 0.6682873256659023
precision: 0.7083062289777062
recall: 0.6792119565217392
