accuracy: 0.6774456521739131
f1: 0.6666834570183572
precision: 0.7076909433645943
recall: 0.6774456521739131
